19015
52204
16307
12008
13015
51802
19603
56703
53309
19009
12608
13112
16607
51808
19109
11616
12606
50105
15216
51004
52011
13212
11614
13705
51208
54307
16304
11619
13313
15412
59702
10705
15013
52407
14110
19609
17106
11604
52404
15710
13612
15202
51013
50604
51306
11115
11119
14118
11120
13210
15012
13204
19605
11110
13706
11607
15004
10620
15211
11107
15009
13116
51305
19508
11808
10603
53107
53503
18408
50108
51504
50802
54002
12304
16712
13111
59901
19002
14213
13104
50119
19013
54802
15705
13011
12912
19012
15007
59802
54402
14109
16707
13613
15015
12907
20601
17309
13311
12801
13005
13118
15301
53702
11205
16311
11611
50112
14117
50111
13609
16710
51003
52710
14111
10506
11105
53304
56704
11212
10611
16711
18702
12812
16909
15212
52113
52108
53308
19007
14206
50117
15413
10809
54804
10801
12806
52414
15204
51015
10915
16703
11113
11202
10714
52007
15704
15611
13109
14104
53703
15409
19509
54805
11620
51009
